%YAML:1.0
---
image_width: 1920
image_height: 1080
camera_matrix: !!opencv-matrix
   rows: 3
   cols: 3
   dt: d
   data: [ 1116.9289548941917, 0., 955.77175993563799, 0.,
       1117.3341496962166, 538.91061167202145, 0., 0., 1. ]
distortion_coefficients: !!opencv-matrix
   rows: 1
   cols: 14
   dt: d
   data: [ -1.1940477842823853, -15.440461757486913,
       0.00013163161053023783, 0.00019082529328353381,
       98.843073622415901, -1.3588290520381034, -14.555841222727574,
       96.219667412855202, 0., 0., 0., 0., 0., 0. ]
flags: 16384
